0.096	-3.094086641827985
0.10400000000000001	-1.718534223347408
0.11199999999999999	-1.933161486714229
0.12	-1.4604777058544036
0.128	-1.1142752191311842
0.136	-1.4372998300521975
0.14400000000000002	-0.5082001219407568
0.152	0.02434848438244597
0.16	-0.6421243193262558
0.168	-0.2538499572374089
0.17600000000000002	-0.6398975940120055
0.184	-0.007610526983255759
0.192	-1.2227957735185362
0.2	-1.1637948457038827
0.20800000000000002	-0.4825842702049939
0.21600000000000003	-0.42986766866215853
0.22399999999999998	-1.0109688563648276
0.23199999999999998	-1.173562739322478
0.24	-1.1767266635315616
0.248	-1.195107343079506
0.256	-0.8940198191779288
0.264	-1.14796817830035
0.272	-1.0497424900406986
0.28	-0.7226393252626374
0.28800000000000003	-0.5662793047668851
0.29600000000000004	-0.9207397217057615
0.304	-0.5059800004878702
0.312	-1.179591825022979
0.32	-0.9613801389484402
0.32799999999999996	-0.6569711002323576
0.336	-0.44688863482285884
0.344	-0.3965822924498136
0.35200000000000004	-0.4665482248330481
0.36	-0.32372753531557164
0.368	-0.5291786747532529
0.376	-0.02778422758583168
0.384	-0.2506721731968566
0.392	-0.007673237619248699
0.4	0.024146370240139065
0.408	-0.08619665449183919
0.41600000000000004	0.05748531886950379
0.424	0.06409383577843956
0.43200000000000005	0.13480844119024654
0.44	0.07314724822487811
0.44799999999999995	-0.008969360829032028
0.456	-0.027856652087321167
0.46399999999999997	0.01452041794073537
0.47200000000000003	0.020551959281940934
0.48	-0.004906540629677571
0.488	-0.039448022473384664
0.496	-0.09751575506055585
0.504	-0.05950606506269825
0.512	-0.05242527963077096
0.52	0.01777710547708279
0.528	0.09103839053079131
0.536	-0.04101260940353392
0.544	-0.09947829301363117
0.552	0.11820080394553029
0.56	0.26209896531363386
0.568	0.12329570518307598
0.5760000000000001	0.6282467166218603
0.584	0.198162393906657
0.5920000000000001	0.8626196125310309
0.6	1.0391026798740057
0.608	0.5493478599634678
0.616	0.6373758349694002
0.624	0.5657264129948648
0.632	0.7549672947659324
0.64	1.3019628545098616
0.648	1.3809376139512382
0.6559999999999999	1.3942945534573108
0.664	1.0500363067394536
0.672	0.5946285569440324
0.68	0.3489102530007955
0.688	1.3265465055452976
0.696	0.30711972084871847
0.7040000000000001	0.8450193021850009
0.7120000000000001	1.163173071951326
0.72	0.3818284962267225
0.728	0.5884004428274588
0.736	1.2258332784792858
0.7440000000000001	1.201597210866465
0.752	0.29234074139670846
0.76	0.819171360021037
0.768	0.14146272484134884
0.7759999999999999	1.1967308580452591
0.784	1.111997866601885
0.792	0.6850362146367196
0.8	0.09529769941036277
0.8079999999999999	1.289535580819493
0.816	0.8880106766208805
0.8240000000000001	1.2866184041151691
0.8320000000000001	1.4951708637989858
0.84	0.10148258683197603
0.848	0.6135537088752835
0.856	-0.3207588674430213
0.8640000000000001	-0.5380770554935227
0.872	0.964764053230167
0.88	0.8822681901032399
0.888	0.8015975885738145
0.8959999999999999	0.31525809271496924
0.904	-0.48768866263968264
0.912	-0.8889079517399541
0.92	0.08551392095464741
0.9279999999999999	-1.1974570943503755
0.9359999999999999	0.07381523164370164
0.9440000000000001	0.9231814731530101
0.9520000000000001	1.6033426091703886
0.96	0.6813767169777696
0.968	0.7674295624272486
0.976	1.4485235513130947
0.9840000000000001	2.049616645323678
0.992	1.9290653875425399
1.0	1.7121103592124798
1.008	3.488924856244232
1.016	2.6652591489641257
1.024	3.0303778249037787
1.032	2.7167240331787443
1.04	4.339267314704605
1.048	4.911112855186676
1.056	5.082060557763457
1.064	3.5800708648728956
1.072	4.234264186997382
1.08	3.255198570198032
1.088	4.9312222639574745
1.0959999999999999	2.380875378330678
1.104	1.8452193832878225
1.112	3.609599960754843
1.12	2.0071377941236888
1.128	0.5407593658676711
1.136	1.5810215177774762
1.1440000000000001	-0.21680001325089984
1.1520000000000001	-0.5737614462804022
1.16	0.5057940763161413
1.168	-0.5447270093032904
1.176	0.7310404282775999
1.1840000000000002	-0.5508315232313937
1.192	-0.5865863247734943
1.2	-0.10966698174252978
1.208	1.0362910206672198
1.216	2.1644804588980944
1.224	2.256099817315541
1.232	2.992422028382395
1.24	1.7583363033905515
1.248	2.3680957776815372
1.256	3.202780769219672
1.264	2.118608845466162
1.272	3.616964280989162
1.28	3.532242469821873
1.288	1.1932370371006402
1.296	3.387104047412366
1.304	3.5150342813986795
1.3119999999999998	2.0183602955961275
1.32	3.2158411252049066
1.328	1.3131303017923737
1.3359999999999999	2.0214671415369923
1.344	2.6686257068810226
1.3519999999999999	0.992439284654808
1.36	0.8146484046594249
1.368	1.439620504504525
1.376	-0.24219710573734657
1.3840000000000001	-0.21511690235387926
1.392	-0.5684216672737793
1.4	1.6484679316060216
1.4080000000000001	0.6618835484475645
1.416	-0.5225937681140209
1.4240000000000002	0.4059296307072401
1.432	-0.37637506853875125
1.44	-0.10667940190504285
1.4480000000000002	0.7410961321593245
1.456	-1.1422625045516563
1.464	0.36650583791055685
1.472	-1.5729022212914223
1.48	-0.25561237032877404
1.4880000000000002	-0.5099935372717069
1.496	-1.011075407828441
1.504	-0.16584616985960893
1.5119999999999998	-0.8749367338579013
1.52	0.2666449085140936
1.528	-1.1271472799897078
1.536	-0.9245220027596203
1.544	0.1489341214550111
1.5519999999999998	-0.35651230424107083
1.56	1.550078869388388
1.568	1.0427214775528486
1.5759999999999998	1.9896959429908458
1.584	2.0609539352545037
1.5919999999999999	0.8670557301716614
1.6	1.0943695204246058
1.608	1.5715367907405735
1.6159999999999999	0.9553618960772235
1.624	0.9405703410801715
1.632	1.6414787208225634
1.64	1.5663877518985636
1.6480000000000001	1.9253536335901953
1.656	2.0491657265378547
1.6640000000000001	1.781534523217272
1.672	1.0679931697402882
1.68	0.7759454859628452
1.6880000000000002	0.5895006514921749
1.696	1.0884546581736236
1.704	0.36098291024647194
1.712	0.2863131846079977
1.72	1.0895089389334331
1.7280000000000002	0.017856371705793503
1.736	0.7571120901623496
1.744	0.07794275263175225
1.7519999999999998	0.6989675560011812
1.76	0.8136337131429389
1.768	0.5281509012411827
1.776	0.24857409884285198
1.784	0.0014006334581454227
1.7919999999999998	0.5524057700200894
1.8	0.5567515306590284
1.808	0.4260396408615556
1.8159999999999998	0.3642189504486064
1.824	0.018435207313198664
1.8319999999999999	0.125876644762673
1.84	0.0020889810402054437
1.848	0.19071828309239897
1.8559999999999999	0.15033731926433805
1.864	-0.07870432766739703
1.8719999999999999	-0.05815618443579205
1.88	-0.04931084444134839
1.8880000000000001	0.0431203171574112
1.896	-4.458738088337447e-05
1.9040000000000001	-0.0024247552575968885
1.912	0.013719508613086559
1.92	0.01728414628740353
1.9280000000000002	-0.01862602294514267
1.936	-0.09279146172697934
1.944	-0.039097427497171836
1.952	-0.003839684865086672
1.96	-0.2169375015081466
1.9680000000000002	-0.058378105011180716
1.976	-0.2214186548093102
1.984	-0.24027063235963064
1.992	-0.2948058502731261
2.0	-0.46147035634627714
2.008	-0.5477899851576946
2.016	-1.014807078954109
2.024	-1.2229871459492596
2.032	-1.5079163050715523
2.04	-1.1538595962667821
2.048	-1.579783298034385
2.056	-1.4884237789719592
2.064	-1.3635180235509714
2.072	-1.713962546693229
2.08	-1.479908465616223
2.088	-1.9075365699437508
2.096	-1.1162698140574094
2.104	-0.7026507179845749
2.112	-1.5241272330374043
2.12	-1.194498276427503
2.128	-0.5582144369679172
2.136	-0.7744582918613833
2.144	0.1645804256257764
2.1519999999999997	-0.35734698761929884
2.16	-0.9332688377836583
2.168	-0.5168792942879035
2.176	-0.11683911615272796
2.184	-0.6385414552226147
2.1919999999999997	-1.0610304308226717
2.2	0.12428264218552254
2.208	-0.8120699912934107
2.2159999999999997	-1.6832158819014071
2.224	-0.28023629071097306
2.2319999999999998	-0.7347897657235182
2.24	-1.1141875859918289
2.248	-1.5385507492401602
2.256	-2.3864472244098818
2.2640000000000002	-1.9454414237364137
2.272	-1.4723269297332584
2.28	-1.5632951424370567
2.2880000000000003	-1.0032390408207343
2.296	-1.5739370288739254
2.3040000000000003	-1.170627063127451
2.312	-0.7139147350057191
2.32	-0.6495678030994929
2.3280000000000003	-0.5221918934264859
2.336	-2.1838325787917934
2.344	-2.068193489048754
2.352	-0.2085058017078364
2.36	-1.1344301249950859
2.3680000000000003	-0.4861458036450336
2.376	-0.9506893388128563
2.384	-0.295356784630974
2.392	-1.085926870716404
2.4	0.26173646820483754
2.408	0.14761587504859797
2.416	-0.9625449526594573
2.424	-0.05120818384981497
2.432	0.9558880766354182
2.44	-0.8822154695628353
2.448	-0.33905782498142456
2.456	1.5130500876794326
2.464	0.2264814404875991
2.472	0.7576514181256023
2.48	2.1249494069333856
2.488	1.0363792892940085
2.496	0.42442145573056905
2.504	-0.13790572450984004
2.512	-0.2990549959103849
2.52	1.3351475586227615
2.528	0.9577401003515789
2.536	-0.23322246651575432
2.544	0.8856526577247406
2.552	0.738971709721469
2.56	-0.579475309400584
2.568	-0.3959167077875316
2.576	-2.7290340764820487
2.5839999999999996	-3.3839361524763687
2.592	-1.1866156839477602
2.6	-2.9066433535234886
2.608	-2.6472274518317658
2.616	-2.1429436450855106
2.6239999999999997	-1.588546427032112
2.6319999999999997	-1.9655388126372515
2.64	-3.1951827621398836
2.648	-3.9670689792202825
2.656	-2.553863611619956
2.6639999999999997	-2.107955657534631
2.6719999999999997	-1.1846677338655645
2.68	-1.0649175098716628
2.688	-3.25555534210101
2.696	-0.7746097905321675
2.7039999999999997	-0.247458915294629
2.7119999999999997	-2.5017058376899373
2.72	-0.820814344335367
2.728	-1.5274957291532454
2.736	-1.1030529090466292
2.7439999999999998	-1.929141333867266
2.752	-1.4031381513232262
2.76	-0.059020597141408025
2.7680000000000002	-1.0520536960679496
2.7760000000000002	-2.282451109323095
2.784	-1.8305449878658295
2.792	-0.6690124028173156
2.8	-1.4770982561422334
2.8080000000000003	-1.9944967519042434
2.8160000000000003	-1.8522449830120535
2.824	0.3646618526787222
2.832	-1.3956080458074174
2.84	0.2437903263393864
2.8480000000000003	0.33459177852805566
2.8560000000000003	0.6864647520617029
2.864	0.9768239577962347
2.872	0.9252701100837502
2.88	0.4934948388784951
2.888	1.025202125366213
2.8960000000000004	-0.6901363276242618
2.904	-0.8828511315320091
2.912	0.22985654846977574
2.92	-0.4214840263573848
2.928	1.098321101201228
2.9360000000000004	-0.4953284634104622
2.944	-0.2776165734341827
2.952	-0.7018772148701757
2.96	-0.34122276654717415
2.968	-0.9676389855494092
2.9760000000000004	-0.6679253906408099
2.984	-1.7182584955106945
2.992	-2.211825725201965
3.0	-2.569881340291314
3.008	-1.7705742085384064
3.016	-2.860945983802855
3.0239999999999996	-2.0604253419051095
3.032	-1.7323896629077828
3.04	-3.0495589827877034
3.048	-3.46287063562683
3.056	-2.1942597557819106
3.0639999999999996	-2.7363896869962403
3.072	-2.396114360598856
3.08	-1.8031378598639143
3.088	-1.391629168754164
3.096	-1.0925651476557001
3.1039999999999996	-1.5934192583453066
3.112	-1.4144457034666527
3.12	-1.0434962113459663
3.128	-0.5378359908473627
3.136	-0.27768335167013697
3.1439999999999997	0.1288432910429975
3.1519999999999997	-0.1317587545860764
3.16	-0.4788820577096778
3.168	0.15378257411163587
3.176	0.09894523351860118
3.1839999999999997	-0.21521301207641286
3.1919999999999997	-0.3935042337935317
3.2	-0.17689469936956315
3.208	-0.2922921582942563
3.216	-0.5817847553810591
3.2239999999999998	-0.7416935119209251
3.2319999999999998	-0.5574776879143706
3.24	-0.40495194627034653
3.248	-0.36217409268075323
3.2560000000000002	-0.431034412334403
3.264	-0.5933846827219547
3.272	-0.18190412222488994
3.28	-0.21544475467464919
3.2880000000000003	-0.3784139610698355
3.2960000000000003	-0.24012035435887288
3.304	-0.06859865634445529
3.312	-0.04125457975236137
3.32	-0.03993358076821293
3.3280000000000003	-0.005733659466700993
3.3360000000000003	0.0102561754856047
3.344	0.0174961910122651
3.352	0.005382191130518013
3.36	0.08991147464695039
3.3680000000000003	0.13021725450069913
3.3760000000000003	0.21099345620165122
3.384	0.008308620443044923
3.392	0.24202361649905632
3.4	0.18951630518502388
3.408	-0.006179088260436846
3.4160000000000004	0.2082504617875079
3.424	-0.012252216823151672
3.432	-0.010229067531919805
3.44	-0.16052727055302407
3.448	0.19969644718384982
3.4560000000000004	-0.5436385136264562
3.464	-0.3676466023226937
3.472	0.012075552285020866
3.48	0.04084930589358896
3.488	-0.7168996995141037
3.4960000000000004	-0.2508870855511161
3.5039999999999996	-0.6610995800097611
3.512	-0.43134188082877656
3.52	-0.5350497476978544
3.528	-0.6564854508080525
3.536	0.1642965081649938
3.5439999999999996	0.6196862518999475
3.552	0.5259176712187682
3.56	0.7933082719642889
3.568	0.21241632920377473
3.576	1.4356557754227373
3.5839999999999996	0.8112716615920041
3.592	1.0620936364237463
3.6	0.6540171396819348
3.608	1.4049334656266395
3.616	1.0735958955456244
3.6239999999999997	1.393837236461827
3.6319999999999997	1.122832697716474
3.64	1.946703560939027
3.648	2.58652229523908
3.656	1.907963274951015
3.6639999999999997	1.5515741940498893
3.6719999999999997	1.1630145418670133
3.68	2.173651696890961
3.688	0.9102847503025125
3.696	2.200579242397494
3.7039999999999997	0.902261083586103
3.7119999999999997	2.099256827190865
3.72	1.8064335105466842
3.728	0.907756953434075
3.736	1.0437522214211308
3.7439999999999998	0.7967023460056507
3.752	1.72162416931508
3.76	-0.09949064376940482
3.7680000000000002	1.780900499799291
3.7760000000000002	1.0423316250909942
3.784	0.5230003331956249
3.792	1.0620012703652173
3.8	0.25272262439724386
3.8080000000000003	0.016483757459335214
3.8160000000000003	1.075734251300397
3.824	1.676422701718623
3.832	1.007392912372451
3.84	-0.30280030043593076
3.8480000000000003	0.5896238672723716
3.8560000000000003	-0.3338155021464541
3.864	0.8691119761883361
3.872	-0.6864534417194372
3.88	-0.24669632642351552
3.888	-0.11289076203928876
3.8960000000000004	-0.9530608284041332
3.904	0.8281375364867489
3.912	-0.0974946352282295
3.92	0.5498312864757424
3.928	-1.0724610993804033
3.9360000000000004	-0.21131321754417615
3.944	0.11949234715149672
3.952	1.2564287841008392
3.96	1.0428698011142223
3.968	2.442286116457642
3.9760000000000004	2.843926011147186
3.984	2.604192294167354
3.992	3.398603652297397
