0.096	5.537767237823586
0.10400000000000001	3.022031005792244
0.11199999999999999	3.435747633678427
0.12	2.561790864209395
0.128	1.9139122254057748
0.136	2.5350397421129447
0.14400000000000002	0.7543097285198435
0.152	-0.2837313534596225
0.16	1.0060657200960603
0.168	0.2388014418462977
0.17600000000000002	0.9956055060839205
0.184	-0.2698239356276297
0.192	2.161786555188699
0.2	2.0477564541957607
0.20800000000000002	0.663238192925498
0.21600000000000003	0.5500512574851661
0.22399999999999998	1.7464156293778696
0.23199999999999998	2.088221099496496
0.24	2.1006566076003192
0.248	2.1456954098613825
0.256	1.5116820531059187
0.264	2.0588934545160824
0.272	1.8538540805801536
0.28	1.1477845201437578
0.28800000000000003	0.8058113912402594
0.29600000000000004	1.5892075314643095
0.304	0.6697317530541085
0.312	2.1855781683421727
0.32	1.703452996441377
0.32799999999999996	1.0153686189416715
0.336	0.5330528832696472
0.344	0.4159594316710471
0.35200000000000004	0.5827852471478795
0.36	0.2432562630365006
0.368	0.7459453949684258
0.376	-0.4879030268986563
0.384	0.06660874316096377
0.392	-0.5577545789375349
0.4	-0.6517030075553919
0.408	-0.36298288256635386
0.41600000000000004	-0.7702341560182343
0.424	-0.8069468662740629
0.43200000000000005	-1.0484922699324228
0.44	-0.8837116186754703
0.44799999999999995	-0.6134194346285624
0.456	-0.5330485623208343
0.46399999999999997	-0.7533473349010151
0.47200000000000003	-0.9552294762237278
0.48	-0.7370832157348555
0.488	-0.7754477792783091
0.496	-0.7428466889015721
0.504	-0.6940577103106481
0.512	-0.6844272871354549
0.52	-0.7455458851081181
0.528	-0.8380109548711785
0.536	-0.6955237797480173
0.544	-0.6224496662148133
0.552	-0.927937227462522
0.56	-1.1533501590261217
0.568	-0.9646792759488133
0.5760000000000001	-1.761130763401125
0.584	-1.1083821131950544
0.5920000000000001	-2.195713146715307
0.6	-2.5147850463380514
0.608	-1.7301627128192003
0.616	-1.8958640629878705
0.624	-1.7916857889602817
0.632	-2.130901365682501
0.64	-3.0909605409231053
0.648	-3.248793435490912
0.6559999999999999	-3.291528433273615
0.664	-2.705396883034491
0.672	-1.917084812023042
0.68	-1.49262745517257
0.688	-3.231971428588105
0.696	-1.4333525532922278
0.7040000000000001	-2.3966441731804284
0.7120000000000001	-2.9708304172262983
0.72	-1.5854572720452893
0.728	-1.9595847570855944
0.736	-3.102194265174786
0.7440000000000001	-3.063776010033271
0.752	-1.4463844319509878
0.76	-2.3895376785543725
0.768	-1.1861714473939313
0.7759999999999999	-3.0666061539102367
0.784	-2.9172369151315163
0.792	-2.161183394175223
0.8	-1.1196144490242501
0.8079999999999999	-3.2306271744937387
0.816	-2.5218012679989896
0.8240000000000001	-3.2209063262790347
0.8320000000000001	-3.58272191558755
0.84	-1.145671501047867
0.848	-2.038679903304566
0.856	-0.4186893366848359
0.8640000000000001	-0.048394138677985477
0.872	-2.638610373888142
0.88	-2.492773204356266
0.888	-2.350824185288841
0.8959999999999999	-1.521508605582014
0.904	-0.16535128819199418
0.912	0.5025035456717662
0.92	-1.1349748547470766
0.9279999999999999	0.995775529566838
0.9359999999999999	-1.11687602926567
0.9440000000000001	-2.511867202316797
0.9520000000000001	-3.6132403563728865
0.96	-2.1026141101619342
0.968	-2.2345031617231546
0.976	-3.315637147387841
0.9840000000000001	-4.253737810666088
0.992	-4.0398560768544485
1.0	-3.67734016
1.008	-6.412504202435272
1.016	-5.100570062143223
1.024	-5.622477789520941
1.032	-5.10716005381214
1.04	-7.500909198380799
1.048	-8.28838955958918
1.056	-8.468532239583794
1.064	-6.2065977789331965
1.072	-7.094373363496123
1.08	-5.632579705133924
1.088	-7.943373108822851
1.0959999999999999	-4.3077641774626345
1.104	-3.529098133267283
1.112	-5.898203034782988
1.12	-3.680614955708073
1.128	-1.6975092721881238
1.136	-3.0476748127498974
1.1440000000000001	-0.6945069060923499
1.1520000000000001	-0.2410487859561059
1.16	-1.6031946450578873
1.168	-0.29227039675341526
1.176	-1.8512087351529583
1.1840000000000002	-0.29940230789679567
1.192	-0.264756441745976
1.2	-0.8242823526953797
1.208	-2.1234075462407715
1.216	-3.353882274116968
1.224	-3.4027789282450818
1.232	-4.1364856373884695
1.24	-2.771792694698436
1.248	-3.351587495054074
1.256	-4.127209927756452
1.264	-2.9862041332813396
1.272	-4.358006785883158
1.28	-4.184663794479158
1.288	-1.9773185974742091
1.296	-3.866621848953988
1.304	-3.8811941314310543
1.3119999999999998	-2.547066683084245
1.32	-3.4412760959415083
1.328	-1.8811012224989065
1.3359999999999999	-2.362934233746946
1.344	-2.7593666656419713
1.3519999999999999	-1.5290259458324382
1.36	-1.3763899841021927
1.368	-1.7335646481001796
1.376	-0.6874441347089022
1.3840000000000001	-0.7032767712214373
1.392	-0.5171791715322769
1.4	-1.6214668218446708
1.4080000000000001	-1.105142352318952
1.416	-0.5725793544440649
1.4240000000000002	-0.9437446518369239
1.432	-0.6462567645699472
1.44	-0.7370425533942044
1.4480000000000002	-0.9664829544699793
1.456	-0.4847510246751692
1.464	-0.8176095703849527
1.472	-0.4951234932778583
1.48	-0.700452729843433
1.4880000000000002	-0.6857024641362114
1.496	-0.688344891895474
1.504	-0.7065085255501908
1.5119999999999998	-0.755617247965289
1.52	-0.6526017774153487
1.528	-0.8672854077805506
1.536	-0.871620928947734
1.544	-0.6154517763964846
1.5519999999999998	-0.7653426670895642
1.56	-0.03396246237773859
1.568	-0.15963244387289044
1.5759999999999998	0.39816775323621467
1.584	0.5766080544893943
1.5919999999999999	-0.04179589101107395
1.6	0.1899886657772567
1.608	0.6528579609397821
1.6159999999999999	0.2527525274949435
1.624	0.3245607767840747
1.632	1.1272870695233848
1.64	1.1967951602962046
1.6480000000000001	1.7795085408950195
1.656	2.1345319336287174
1.6640000000000001	1.979231365389928
1.672	1.1097001770294905
1.68	0.7702828985905443
1.6880000000000002	0.5513817207578224
1.696	1.5670951303848435
1.704	0.27321129756531926
1.712	0.17728200127020244
1.72	2.0844701873890386
1.7280000000000002	-0.3701836606895963
1.736	1.6111583446769777
1.744	-0.1682868532655048
1.7519999999999998	1.775445066582458
1.76	2.3389368353586137
1.768	1.543435015966619
1.776	0.6244131443266874
1.784	-0.3268847846895793
1.7919999999999998	2.231905936004842
1.8	2.5088361361990077
1.808	2.0763143057128803
1.8159999999999998	1.9617101074653154
1.824	-0.1460968568348852
1.8319999999999999	0.7142047947742711
1.84	-0.23026545167389526
1.848	1.7070590812164812
1.8559999999999999	1.580525760817318
1.864	-1.3550747443373494
1.8719999999999999	-1.261781726864742
1.88	-1.390769244905589
1.8880000000000001	1.3940871996824553
1.896	-0.16576821095182
1.9040000000000001	-2.124298732040004
1.912	-1.3223970712150634
1.92	-0.8391545220364618
1.9280000000000002	0.39478441427693584
1.936	1.7918990875313567
1.944	0.5502322704226991
1.952	-0.0230291785961508
1.96	2.474560101799413
1.9680000000000002	0.5483433013260741
1.976	1.9839238057006712
1.984	1.9521668943270813
1.992	2.1955104456040466
2.0	3.17078546
2.008	3.4881538552522717
2.016	6.003396466534487
2.024	6.758376679094285
2.032	7.8108893630491245
2.04	5.643520401334156
2.048	7.277147083386195
2.056	6.499946030047552
2.064	5.663789727443566
2.072	6.749505863324764
2.08	5.572873575492742
2.088	6.823019650145969
2.096	3.8798827872022863
2.104	2.403430073016046
2.112	4.818971764008371
2.12	3.6678580124428874
2.128	1.756288996858721
2.136	2.280081679857057
2.144	-0.19682463309731502
2.1519999999999997	1.1129359986410914
2.16	2.443617992436706
2.168	1.426853344424215
2.176	0.5258142028282797
2.184	1.610929324935939
2.1919999999999997	2.410997119485569
2.2	0.07144098937723734
2.208	1.8101615135160651
2.2159999999999997	3.293513338041599
2.224	0.8173046996787279
2.2319999999999998	1.5443997162004277
2.24	2.0941464862134493
2.248	2.6623275720822095
2.256	3.780006750116667
2.2640000000000002	3.0450783521264837
2.272	2.325469484791791
2.28	2.3634251720741095
2.2880000000000003	1.6233407183081947
2.296	2.221761557304308
2.3040000000000003	1.7148872326062676
2.312	1.1983152904974788
2.32	1.110006652887646
2.3280000000000003	0.9711981500215512
2.336	2.395667546013566
2.344	2.2051229501414085
2.352	0.6856127130440416
2.36	1.3552588062706938
2.3680000000000003	0.8750352680312344
2.376	1.156261165065998
2.384	0.7402517582961019
2.392	1.165682391497164
2.4	0.4574040257751052
2.408	0.5306899466706105
2.416	1.0055937694155395
2.424	0.6368840021927347
2.432	0.3118375486203388
2.44	0.8931507781331036
2.448	0.7317539494576748
2.456	0.33852425966145017
2.464	0.6272672936223176
2.472	0.5750483646784892
2.48	0.48466544169413295
2.488	0.635451170664662
2.496	0.6947432633063679
2.504	0.708978662321166
2.512	0.703750260701405
2.52	0.8516306746220723
2.528	0.8601614024076718
2.536	0.7077043163249114
2.544	0.9309876299736694
2.552	0.9360176761143484
2.56	0.614077863662535
2.568	0.6577925223599289
2.576	-0.1398782644429627
2.5839999999999996	-0.4707227447225236
2.592	0.3175562771028652
2.6	-0.47525552057109144
2.608	-0.44267377307775
2.616	-0.26759272271211854
2.6239999999999997	-0.03130768044440524
2.6319999999999997	-0.2942571051284485
2.64	-1.1012264791479103
2.648	-1.695260729101172
2.656	-0.8654643906456485
2.6639999999999997	-0.6271382587237135
2.6719999999999997	-0.006381192642826106
2.68	0.05376939426103611
2.688	-1.7376849840114295
2.696	0.23974073509104488
2.7039999999999997	0.6787314479548885
2.7119999999999997	-1.3556923078891236
2.72	0.1385834861845776
2.728	-0.5647868146117064
2.736	-0.1851348606402241
2.7439999999999998	-1.0659321399146136
2.752	-0.564395290248034
2.76	0.8652376397698558
2.7680000000000002	-0.24972866540473104
2.7760000000000002	-1.7031304265516334
2.784	-1.2344347920858314
2.792	0.12985409516430257
2.8	-0.9007795329082077
2.8080000000000003	-1.6098609405100963
2.8160000000000003	-1.4830887895734906
2.824	1.4545327600634301
2.832	-0.964867186673895
2.84	1.3137244750104409
2.8480000000000003	1.4562960145113322
2.8560000000000003	1.99151676932173
2.864	2.456808733837332
2.872	2.4121831499911828
2.88	1.7628042989886596
2.888	2.640747293358535
2.8960000000000004	-0.1517706467773019
2.904	-0.4981251745392239
2.912	1.3855513453680564
2.92	0.2528248091953915
2.928	2.95914793075195
2.9360000000000004	0.09068435654691076
2.944	0.4791902486951696
2.952	-0.3357659401043812
2.96	0.337193541309308
2.968	-0.9122108488486435
2.9760000000000004	-0.3457264951467415
2.984	-2.5284472421486606
2.992	-3.6309996094082795
3.0	-4.48661057
3.008	-2.854913723076735
3.016	-5.352744760586031
3.0239999999999996	-3.6670481036036207
3.032	-3.0036391869600507
3.04	-6.190510120534614
3.048	-7.333207334329463
3.056	-4.392139956697991
3.0639999999999996	-5.866250340902151
3.072	-5.143105697031656
3.08	-3.7266686099548987
3.088	-2.7324762615546883
3.096	-2.000747125620534
3.1039999999999996	-3.474815572184977
3.112	-3.0707249454153067
3.12	-2.0833052437367243
3.128	-0.6404695559122736
3.136	0.11862425881465555
3.1439999999999997	1.383849508988138
3.1519999999999997	0.5410977399190906
3.16	-0.6428974590959775
3.168	1.4990692835928894
3.176	1.3167224566812648
3.1839999999999997	0.1601601238094148
3.1919999999999997	-0.5588869053697136
3.2	0.24371556667480876
3.208	-0.27114094989136395
3.216	-1.5925027579824578
3.2239999999999998	-2.453810561583933
3.2319999999999998	-1.7537016029839974
3.24	-1.1393317474762505
3.248	-1.0482603275921227
3.2560000000000002	-1.6034650418553253
3.264	-2.853967464352129
3.272	-0.35874051981653243
3.28	-0.7717202092549128
3.2880000000000003	-2.456525421824182
3.2960000000000003	-1.6071167465931575
3.304	0.010092734019106486
3.312	0.1824733686278035
3.32	-0.166347347569053
3.3280000000000003	0.51090502367967
3.3360000000000003	-0.3671385361540631
3.344	0.3559278549168392
3.352	0.7669870479944666
3.36	-0.08878439332995625
3.3680000000000003	-0.146563423041581
3.3760000000000003	-0.39121165604199915
3.384	0.7854863534483137
3.392	-0.07806666381113347
3.4	0.23631177529858993
3.408	0.8169584234441805
3.4160000000000004	0.3647692703046798
3.424	0.8071877329265456
3.432	0.7928530437532576
3.44	0.9553935002555876
3.448	0.576482574570106
3.4560000000000004	1.1557983742489681
3.464	0.95508211747324
3.472	0.7324654754048883
3.48	0.7174086333256382
3.488	0.8360135351068199
3.4960000000000004	0.7243984472859895
3.5039999999999996	0.6702745894071165
3.512	0.6329946696654422
3.52	0.5642813364643513
3.528	0.47686851612695647
3.536	0.7274588335274075
3.5439999999999996	0.9295443146575684
3.552	0.911222372913817
3.56	1.081616001806863
3.568	0.7580655743000496
3.576	1.5713936921716947
3.5839999999999996	1.1851252918500361
3.592	1.4007464093267
3.6	1.1095093915067609
3.608	1.7536877473012409
3.616	1.5059345155833053
3.6239999999999997	1.8244987115973537
3.6319999999999997	1.6048514432607104
3.64	2.432122239874679
3.648	3.1217426569885243
3.656	2.4836616630934083
3.6639999999999997	2.1465400148351956
3.6719999999999997	1.7537404272619879
3.68	2.890942824962075
3.688	1.5004503057630243
3.696	2.996744287574427
3.7039999999999997	1.507251631751301
3.7119999999999997	2.94183720422214
3.72	2.614682487148168
3.728	1.5303323948216456
3.736	1.7035033705545684
3.7439999999999998	1.3967563775579501
3.752	2.5782023247364867
3.76	0.23966602773842283
3.7680000000000002	2.6797815239106204
3.7760000000000002	1.7177071215264414
3.784	1.0280323254458392
3.792	1.7446188288529
3.8	0.6504870515911751
3.8080000000000003	0.3194779122315629
3.8160000000000003	1.7592419058709106
3.824	2.5849596138893896
3.832	1.6583240950549003
3.84	-0.17363610109693156
3.8480000000000003	1.0629557087769332
3.8560000000000003	-0.24575464152012222
3.864	1.4408110497792368
3.872	-0.7744666399411206
3.88	-0.16388921339928444
3.888	0.013800072721166623
3.8960000000000004	-1.202008217987165
3.904	1.3386648210101635
3.912	-0.002387244280061096
3.92	0.9171068454960438
3.928	-1.433395174353386
3.9360000000000004	-0.2045734995913996
3.944	0.26037953285118676
3.952	1.8898238909817309
3.96	1.5687261371993906
3.968	3.575507789910401
3.9760000000000004	4.139670273206639
3.984	3.7773684321639487
3.992	4.902714490716403
