0.    0.008 0.016 0.024 0.032 0.04  0.048 0.056 0.064 0.072 0.08  0.088
 0.096 0.104 0.112 0.12  0.128 0.136 0.144 0.152 0.16  0.168 0.176 0.184
 0.192 0.2   0.208 0.216 0.224 0.232 0.24  0.248 0.256 0.264 0.272 0.28
 0.288 0.296 0.304 0.312 0.32  0.328 0.336 0.344 0.352 0.36  0.368 0.376
 0.384 0.392 0.4   0.408 0.416 0.424 0.432 0.44  0.448 0.456 0.464 0.472
 0.48  0.488 0.496 0.504 0.512 0.52  0.528 0.536 0.544 0.552 0.56  0.568
 0.576 0.584 0.592 0.6   0.608 0.616 0.624 0.632 0.64  0.648 0.656 0.664
 0.672 0.68  0.688 0.696 0.704 0.712 0.72  0.728 0.736 0.744 0.752 0.76
 0.768 0.776 0.784 0.792 0.8   0.808 0.816 0.824 0.832 0.84  0.848 0.856
 0.864 0.872 0.88  0.888 0.896 0.904 0.912 0.92  0.928 0.936 0.944 0.952
 0.96  0.968 0.976 0.984 0.992 1.    1.008 1.016 1.024 1.032 1.04  1.048
 1.056 1.064 1.072 1.08  1.088 1.096 1.104 1.112 1.12  1.128 1.136 1.144
 1.152 1.16  1.168 1.176 1.184 1.192 1.2   1.208 1.216 1.224 1.232 1.24
 1.248 1.256 1.264 1.272 1.28  1.288 1.296 1.304 1.312 1.32  1.328 1.336
 1.344 1.352 1.36  1.368 1.376 1.384 1.392 1.4   1.408 1.416 1.424 1.432
 1.44  1.448 1.456 1.464 1.472 1.48  1.488 1.496 1.504 1.512 1.52  1.528
 1.536 1.544 1.552 1.56  1.568 1.576 1.584 1.592 1.6   1.608 1.616 1.624
 1.632 1.64  1.648 1.656 1.664 1.672 1.68  1.688 1.696 1.704 1.712 1.72
 1.728 1.736 1.744 1.752 1.76  1.768 1.776 1.784 1.792 1.8   1.808 1.816
 1.824 1.832 1.84  1.848 1.856 1.864 1.872 1.88  1.888 1.896 1.904 1.912
 1.92  1.928 1.936 1.944 1.952 1.96  1.968 1.976 1.984 1.992 2.    2.008
 2.016 2.024 2.032 2.04  2.048 2.056 2.064 2.072 2.08  2.088 2.096 2.104
 2.112 2.12  2.128 2.136 2.144 2.152 2.16  2.168 2.176 2.184 2.192 2.2
 2.208 2.216 2.224 2.232 2.24  2.248 2.256 2.264 2.272 2.28  2.288 2.296
 2.304 2.312 2.32  2.328 2.336 2.344 2.352 2.36  2.368 2.376 2.384 2.392
 2.4   2.408 2.416 2.424 2.432 2.44  2.448 2.456 2.464 2.472 2.48  2.488
 2.496 2.504 2.512 2.52  2.528 2.536 2.544 2.552 2.56  2.568 2.576 2.584
 2.592 2.6   2.608 2.616 2.624 2.632 2.64  2.648 2.656 2.664 2.672 2.68
 2.688 2.696 2.704 2.712 2.72  2.728 2.736 2.744 2.752 2.76  2.768 2.776
 2.784 2.792 2.8   2.808 2.816 2.824 2.832 2.84  2.848 2.856 2.864 2.872
 2.88  2.888 2.896 2.904 2.912 2.92  2.928 2.936 2.944 2.952 2.96  2.968
 2.976 2.984 2.992 3.    3.008 3.016 3.024 3.032 3.04  3.048 3.056 3.064
 3.072 3.08  3.088 3.096 3.104 3.112 3.12  3.128 3.136 3.144 3.152 3.16
 3.168 3.176 3.184 3.192 3.2   3.208 3.216 3.224 3.232 3.24  3.248 3.256
 3.264 3.272 3.28  3.288 3.296 3.304 3.312 3.32  3.328 3.336 3.344 3.352
 3.36  3.368 3.376 3.384 3.392 3.4   3.408 3.416 3.424 3.432 3.44  3.448
 3.456 3.464 3.472 3.48  3.488 3.496 3.504 3.512 3.52  3.528 3.536 3.544
 3.552 3.56  3.568 3.576 3.584 3.592 3.6   3.608 3.616 3.624 3.632 3.64
 3.648 3.656 3.664 3.672 3.68  3.688 3.696 3.704 3.712 3.72  3.728 3.736
 3.744 3.752 3.76  3.768 3.776 3.784 3.792 3.8   3.808 3.816 3.824 3.832
 3.84  3.848 3.856 3.864 3.872 3.88  3.888 3.896 3.904 3.912 3.92  3.928
 3.936 3.944 3.952 3.96  3.968 3.976 3.984 3.992	


 6.09737012e+00  5.95767634e+00  5.48258630e+00  3.53219364e+00
  5.95685834e+00  3.36255292e+00  3.84642640e+00  2.95680975e+00
  2.29683662e+00  3.01838131e+00  1.08803066e+00 -5.31814188e-02
  1.43186813e+00  5.78341712e-01  1.49067646e+00  1.81430664e-02
  2.98570833e+00  2.91313219e+00  1.23953867e+00  1.13412146e+00
  2.74257865e+00  3.27724646e+00  3.38667683e+00  3.54932941e+00
  2.74352577e+00  3.64531363e+00  3.45458250e+00  2.46862973e+00
  2.01166597e+00  3.40788387e+00  1.95527179e+00  4.76997380e+00
  4.07819596e+00  2.93153201e+00  2.10395486e+00  1.97661184e+00
  2.47101104e+00  1.82978147e+00  3.20754306e+00  1.81612391e-01
  1.77849766e+00  5.95461559e-02 -2.06842201e-01  8.24232364e-01
 -6.22231717e-01 -7.99526660e-01 -1.98484338e+00 -1.31436600e+00
  2.06819437e-01  8.96559495e-01 -7.73863770e-01 -3.18603137e+00
 -8.36688567e-01 -2.17017981e+00 -3.19883746e+00 -1.39088902e+00
 -9.52018144e-01  2.64008927e-01  1.14395525e+00 -4.46739152e-01
 -9.56538475e-01  1.01757010e+00  2.04309014e+00  8.78352497e-01
  4.12197237e+00  1.20529788e+00  4.89141032e+00  5.51998137e+00
  2.74570252e+00  3.00868610e+00  2.53065506e+00  3.21010838e+00
  5.27651922e+00  5.34765546e+00  5.17098246e+00  3.73730725e+00
  2.03503228e+00  1.15022388e+00  4.21939861e+00  9.43978310e-01
  2.51344744e+00  3.35258224e+00  1.06778256e+00  1.59838799e+00
  3.23833385e+00  3.09022410e+00  7.32650859e-01  2.00250208e+00
  3.37617125e-01  2.79086261e+00  2.53608476e+00  1.52909291e+00
  2.08349063e-01  2.76341536e+00  1.86653987e+00  2.65439871e+00
  3.02959756e+00  2.02084891e-01  1.20144621e+00 -6.18005660e-01
 -1.02062179e+00  1.80254066e+00  1.62456889e+00  1.45542833e+00
  5.64696039e-01 -8.62217014e-01 -1.55189400e+00  1.47493947e-01
 -2.04138736e+00  1.24431682e-01  1.53949675e+00  2.64611019e+00
  1.11336661e+00  1.24203723e+00  2.32294740e+00  3.25816883e+00
  3.04089538e+00  2.67734016e+00  5.41429305e+00  4.10607202e+00
  4.63636068e+00  4.12927172e+00  6.55456719e+00  7.37492317e+00
  7.58954836e+00  5.31879358e+00  6.26022968e+00  4.79098253e+00
  7.22735103e+00  3.47600343e+00  2.68442270e+00  5.23432564e+00
  2.90212513e+00  7.79862403e-01  2.27490727e+00 -3.11339039e-01
 -8.22602144e-01  7.24188801e-01 -7.79132998e-01  1.04487289e+00
 -7.86981987e-01 -8.37985169e-01 -1.56701484e-01  1.48151570e+00
  3.09699228e+00  3.23177818e+00  4.29277392e+00  2.52687995e+00
  3.41024402e+00  4.62331550e+00  3.06658130e+00  5.25125741e+00
  5.14545545e+00  1.74459266e+00  4.97199473e+00  5.18213147e+00
  2.98949246e+00  4.78693757e+00  1.96508511e+00  3.04227245e+00
  4.04041666e+00  1.51216959e+00  1.24961939e+00  2.22393223e+00
 -3.76934292e-01 -3.37406898e-01 -8.98865719e-01  2.62914287e+00
  1.06510474e+00 -8.48833636e-01  6.65779651e-01 -6.23590110e-01
 -1.78623410e-01  1.25457452e+00 -1.95587334e+00  6.35040942e-01
 -2.75909303e+00 -4.54143361e-01 -9.18185010e-01 -1.84551263e+00
 -3.07062192e-01 -1.64403401e+00  5.08760379e-01 -2.18497422e+00
 -1.82186468e+00  2.98525964e-01 -7.27304275e-01  3.22050002e+00
  2.20775104e+00  4.29611702e+00  4.54121880e+00  1.95112810e+00
  2.51692927e+00  3.69699041e+00  2.30076921e+00  2.32091867e+00
  4.15402006e+00  4.06929597e+00  5.13998537e+00  5.62768077e+00
  5.03900303e+00  3.11489964e+00  2.33664420e+00  1.83539308e+00
  3.50895217e+00  1.20687155e+00  9.94397036e-01  3.93811579e+00
  6.73056336e-02  2.98232924e+00  3.21611404e-01  3.02897554e+00
  3.71354992e+00  2.54691259e+00  1.27098903e+00  7.62369587e-03
  3.21521463e+00  3.48305802e+00  2.88192100e+00  2.68257212e+00
  1.49066864e-01  1.12862585e+00  2.10250999e-02  2.18835527e+00
  2.00665553e+00 -1.25597202e+00 -1.15413496e+00 -1.29427658e+00
  1.67151770e+00 -3.30593534e-03 -2.06738553e+00 -1.23136456e+00
 -7.36974704e-01  5.20910006e-01  1.93116400e+00  6.48087123e-01
  5.28979261e-02  2.55751741e+00  6.01625215e-01  2.02737396e+00
  1.97979756e+00  2.20877404e+00  3.17078546e+00  3.47668579e+00
  5.98582673e+00  6.73983504e+00  7.80002725e+00  5.62508536e+00
  7.28448649e+00  6.51262148e+00  5.67780714e+00  6.81012465e+00
  5.62423606e+00  6.94910298e+00  3.90595422e+00  2.36595599e+00
  4.94703442e+00  3.74334773e+00  1.69150744e+00  2.27234480e+00
 -4.68193168e-01  9.86826971e-01  2.50474880e+00  1.34967037e+00
  2.97137376e-01  1.58312319e+00  2.56693608e+00 -2.93660092e-01
  1.87561198e+00  3.80325905e+00  6.19931037e-01  1.59260264e+00
  2.36775887e+00  3.20791852e+00  4.88519705e+00  3.91239976e+00
  2.91065392e+00  3.03980696e+00  1.91989398e+00  2.96598689e+00
  2.17341880e+00  1.30659583e+00  1.17249265e+00  9.30081724e-01
  3.83994186e+00  3.59181919e+00  3.57814649e-01  1.92454642e+00
  8.15675532e-01  1.57824787e+00  4.85345241e-01  1.76705274e+00
 -4.21922512e-01 -2.35826294e-01  1.52454062e+00  8.04417327e-02
 -1.48982651e+00  1.36474007e+00  5.20778801e-01 -2.30830122e+00
 -3.43308656e-01 -1.14152621e+00 -3.18330961e+00 -1.54422534e+00
 -6.29212271e-01  2.03486135e-01  4.39338921e-01 -1.95351222e+00
 -1.39609123e+00  3.38809622e-01 -1.28264661e+00 -1.06725400e+00
  8.34850473e-01  5.69177983e-01  3.91615486e+00  4.84858856e+00
  1.69816841e+00  4.15599316e+00  3.78286986e+00  3.06141682e+00
  2.26948663e+00  2.80905204e+00  4.56939650e+00  5.67874782e+00
  3.66045603e+00  3.02613951e+00  1.70392221e+00  1.53508054e+00
  4.70477811e+00  1.12262181e+00  3.59772844e-01  3.64985429e+00
  1.20209402e+00  2.24630640e+00  1.62938335e+00  2.86333817e+00
  2.09332089e+00  8.85344632e-02  1.58733382e+00  3.46500129e+00
  2.79708513e+00  1.02928727e+00  2.28899524e+00  3.11429747e+00
  2.91525831e+00 -5.78740637e-01  2.23428233e+00 -3.93859047e-01
 -5.45709257e-01 -1.13073600e+00 -1.62567949e+00 -1.55648612e+00
 -8.39467399e-01 -1.76427317e+00  1.20204691e+00  1.55705532e+00
 -4.10684569e-01  7.63269404e-01 -2.01691372e+00  9.22857578e-01
  5.25047823e-01  1.34822484e+00  6.66085470e-01  1.92064511e+00
  1.34884818e+00  3.53259325e+00  4.63238361e+00  5.48661057e+00
  3.85605255e+00  6.36046249e+00  4.67963288e+00  4.02268662e+00
  7.24567113e+00  8.42598648e+00  5.47274909e+00  7.00226155e+00
  6.29712446e+00  4.87184116e+00  3.86988628e+00  3.13070465e+00
  4.71070584e+00  4.31995634e+00  3.29712844e+00  1.76077867e+00
  9.43454820e-01 -4.55103676e-01  4.84761090e-01  1.83894595e+00
 -6.17748789e-01 -4.16800335e-01  9.53235745e-01  1.83811965e+00
  8.74321497e-01  1.53432492e+00  3.25705341e+00  4.44957406e+00
  3.60354240e+00  2.83840505e+00  2.77335009e+00  3.63826838e+00
  5.58126096e+00  1.93249165e+00  2.63019166e+00  5.43154238e+00
  4.18286892e+00  1.52023063e+00  1.25668612e+00  1.94587885e+00
  6.98388649e-01  2.49846487e+00  1.06563546e+00  1.87356330e-01
  2.19153993e+00  2.44248137e+00  3.21715326e+00  1.06747969e-01
  2.68735995e+00  1.85331302e+00 -5.40013978e-02  1.64552465e+00
 -8.83695113e-02 -6.78785829e-02 -9.86652580e-01  1.14340370e+00
 -2.91418932e+00 -1.85316030e+00  5.74567240e-02  1.84104132e-01
 -3.06988457e+00 -1.02361366e+00 -2.57641872e+00 -1.60940149e+00
 -1.91534917e+00 -2.25909606e+00  5.44470445e-01  1.98097092e+00
  1.62426842e+00  2.37052458e+00  6.14952079e-01  4.03187367e+00
  2.21281882e+00  2.81679708e+00  1.68833478e+00  3.53379200e+00
  2.63365399e+00  3.33779060e+00  2.62705433e+00  4.45370520e+00
  5.79095723e+00  4.18356847e+00  3.33433255e+00  2.45123674e+00
  4.49620880e+00  1.84914969e+00  4.39280529e+00  1.77096436e+00
  4.05386820e+00  3.43398308e+00  1.69963604e+00  1.92586073e+00
  1.44940232e+00  3.08968798e+00 -1.76219552e-01  3.11468225e+00
  1.80087571e+00  8.93059021e-01  1.79306352e+00  4.22080203e-01
  2.72440104e-02  1.76020691e+00  2.71683040e+00  1.61760008e+00
 -4.81938570e-01  9.30551508e-01 -5.22595795e-01  1.35017677e+00
 -1.05862085e+00 -3.77801045e-01 -1.71745149e-01 -1.44086984e+00
  1.24461552e+00 -1.45710502e-01  8.17455479e-01 -1.58666898e+00
 -3.11204411e-01  1.75233177e-01  1.83532482e+00  1.51790475e+00
  3.54315279e+00  4.11366743e+00  3.75698357e+00  4.89169330e+00
  2.13333713e+00  4.98079136e+00  5.04493390e+00  3.66100643e+00
  4.09222341e+00  6.84899804e+00  8.34828861e+00  5.33769702e+00
